#CId	PlId	SegId	AorT	UorD	p0	p1
1	0	0	1	0	1.1552296e+03	-9.765625e-04
1	0	1	1	0	1.0717960e+03	-9.765625e-04
1	0	2	1	0	1.1772218e+03	-9.765625e-04
1	0	3	1	0	1.1566450e+03	-9.765625e-04
1	0	4	1	0	1.0721008e+03	-9.765625e-04
1	0	5	1	0	1.1142882e+03	-9.765625e-04
1	0	6	1	0	1.1978346e+03	-9.765625e-04
1	0	7	1	0	1.1549080e+03	-9.765625e-04
1	0	8	1	0	1.1566868e+03	-9.765625e-04
1	0	9	1	0	1.1562325e+03	-9.765625e-04
1	0	10	1	0	1.1560665e+03	-9.765625e-04
1	0	11	1	0	1.1564896e+03	-9.765625e-04
1	0	12	1	0	1.1561611e+03	-9.765625e-04
1	0	13	1	0	1.1566858e+03	-9.765625e-04
1	0	14	1	0	1.1560822e+03	-9.765625e-04
1	0	15	1	0	1.1553039e+03	-9.765625e-04
1	0	16	1	0	1.1556832e+03	-9.765625e-04
1	0	17	1	0	1.1565759e+03	-9.765625e-04
1	0	18	1	0	1.1565401e+03	-9.765625e-04
1	0	19	1	0	1.1566169e+03	-9.765625e-04
1	0	20	1	0	1.1569259e+03	-9.765625e-04
1	0	21	1	0	1.1565079e+03	-9.765625e-04
1	0	22	1	0	1.1565458e+03	-9.765625e-04
1	0	23	1	0	1.1552091e+03	-9.765625e-04
1	0	24	1	0	1.1565135e+03	-9.765625e-04
1	0	25	1	0	1.1564042e+03	-9.765625e-04
1	0	26	1	0	1.1569726e+03	-9.765625e-04
1	0	27	1	0	1.1564883e+03	-9.765625e-04
1	0	28	1	0	1.1567929e+03	-9.765625e-04
1	0	29	1	0	1.1562296e+03	-9.765625e-04
1	0	30	1	0	1.1556749e+03	-9.765625e-04
1	0	31	1	0	1.1563996e+03	-9.765625e-04
1	0	32	1	0	1.1557202e+03	-9.765625e-04
1	0	33	1	0	1.1561086e+03	-9.765625e-04
1	0	34	1	0	1.1569771e+03	-9.765625e-04
1	0	35	1	0	1.1571192e+03	-9.765625e-04
1	0	36	1	0	1.1571526e+03	-9.765625e-04
1	0	37	1	0	1.1569891e+03	-9.765625e-04
1	0	38	1	0	1.1570586e+03	-9.765625e-04
1	0	39	1	0	1.1557561e+03	-9.765625e-04
1	0	40	1	0	1.1576836e+03	-9.765625e-04
1	0	41	1	0	1.1574428e+03	-9.765625e-04
1	0	42	1	0	1.1575319e+03	-9.765625e-04
1	0	43	1	0	1.1576834e+03	-9.765625e-04
1	0	44	1	0	1.1576190e+03	-9.765625e-04
1	0	45	1	0	1.1577613e+03	-9.765625e-04
1	0	46	1	0	1.1567323e+03	-9.765625e-04
1	0	47	1	0	1.1558341e+03	-9.765625e-04
1	0	48	1	0	1.1569052e+03	-9.765625e-04
1	0	49	1	0	1.1569357e+03	-9.765625e-04
1	0	50	1	0	1.1569163e+03	-9.765625e-04
1	0	51	1	0	1.1571823e+03	-9.765625e-04
1	0	52	1	0	1.1567753e+03	-9.765625e-04
1	0	53	1	0	1.1570069e+03	-9.765625e-04
1	0	54	1	0	1.1149363e+03	-9.765625e-04
1	0	55	1	0	1.1553817e+03	-9.765625e-04
1	0	56	1	0	1.1565153e+03	-9.765625e-04
1	0	57	1	0	1.3239029e+03	-9.765625e-04
1	0	58	1	0	1.1565460e+03	-9.765625e-04
1	0	59	1	0	1.1568217e+03	-9.765625e-04
1	0	60	1	0	1.1569582e+03	-9.765625e-04
1	0	61	1	0	1.1766633e+03	-9.765625e-04
1	0	62	1	0	1.1544026e+03	-9.765625e-04
1	0	0	1	1	1.1552296e+03	-9.765625e-04
1	0	1	1	1	1.0717960e+03	-9.765625e-04
1	0	2	1	1	1.1772218e+03	-9.765625e-04
1	0	3	1	1	1.1566450e+03	-9.765625e-04
1	0	4	1	1	1.0721008e+03	-9.765625e-04
1	0	5	1	1	1.1142882e+03	-9.765625e-04
1	0	6	1	1	1.1978346e+03	-9.765625e-04
1	0	7	1	1	1.1549080e+03	-9.765625e-04
1	0	8	1	1	1.1566868e+03	-9.765625e-04
1	0	9	1	1	1.1562325e+03	-9.765625e-04
1	0	10	1	1	1.1560665e+03	-9.765625e-04
1	0	11	1	1	1.1564896e+03	-9.765625e-04
1	0	12	1	1	1.1561611e+03	-9.765625e-04
1	0	13	1	1	1.1566858e+03	-9.765625e-04
1	0	14	1	1	1.1560822e+03	-9.765625e-04
1	0	15	1	1	1.1553039e+03	-9.765625e-04
1	0	16	1	1	1.1556832e+03	-9.765625e-04
1	0	17	1	1	1.1565759e+03	-9.765625e-04
1	0	18	1	1	1.1565401e+03	-9.765625e-04
1	0	19	1	1	1.1566169e+03	-9.765625e-04
1	0	20	1	1	1.1569259e+03	-9.765625e-04
1	0	21	1	1	1.1565079e+03	-9.765625e-04
1	0	22	1	1	1.1565458e+03	-9.765625e-04
1	0	23	1	1	1.1552091e+03	-9.765625e-04
1	0	24	1	1	1.1565135e+03	-9.765625e-04
1	0	25	1	1	1.1564042e+03	-9.765625e-04
1	0	26	1	1	1.1569726e+03	-9.765625e-04
1	0	27	1	1	1.1564883e+03	-9.765625e-04
1	0	28	1	1	1.1567929e+03	-9.765625e-04
1	0	29	1	1	1.1562296e+03	-9.765625e-04
1	0	30	1	1	1.1556749e+03	-9.765625e-04
1	0	31	1	1	1.1563996e+03	-9.765625e-04
1	0	32	1	1	1.1557202e+03	-9.765625e-04
1	0	33	1	1	1.1561086e+03	-9.765625e-04
1	0	34	1	1	1.1569771e+03	-9.765625e-04
1	0	35	1	1	1.1571192e+03	-9.765625e-04
1	0	36	1	1	1.1571526e+03	-9.765625e-04
1	0	37	1	1	1.1569891e+03	-9.765625e-04
1	0	38	1	1	1.1570586e+03	-9.765625e-04
1	0	39	1	1	1.1557561e+03	-9.765625e-04
1	0	40	1	1	1.1576836e+03	-9.765625e-04
1	0	41	1	1	1.1574428e+03	-9.765625e-04
1	0	42	1	1	1.1575319e+03	-9.765625e-04
1	0	43	1	1	1.1576834e+03	-9.765625e-04
1	0	44	1	1	1.1576190e+03	-9.765625e-04
1	0	45	1	1	1.1577613e+03	-9.765625e-04
1	0	46	1	1	1.1567323e+03	-9.765625e-04
1	0	47	1	1	1.1558341e+03	-9.765625e-04
1	0	48	1	1	1.1569052e+03	-9.765625e-04
1	0	49	1	1	1.1569357e+03	-9.765625e-04
1	0	50	1	1	1.1569163e+03	-9.765625e-04
1	0	51	1	1	1.1571823e+03	-9.765625e-04
1	0	52	1	1	1.1567753e+03	-9.765625e-04
1	0	53	1	1	1.1570069e+03	-9.765625e-04
1	0	54	1	1	1.1149363e+03	-9.765625e-04
1	0	55	1	1	1.1553817e+03	-9.765625e-04
1	0	56	1	1	1.1565153e+03	-9.765625e-04
1	0	57	1	1	1.3239029e+03	-9.765625e-04
1	0	58	1	1	1.1565460e+03	-9.765625e-04
1	0	59	1	1	1.1568217e+03	-9.765625e-04
1	0	60	1	1	1.1569582e+03	-9.765625e-04
1	0	61	1	1	1.1766633e+03	-9.765625e-04
1	0	62	1	1	1.1544026e+03	-9.765625e-04
1	0	0	0	0	0.0000000e+00	7.8120600e-05
1	0	1	0	0	0.0000000e+00	9.1296600e-05
1	0	2	0	0	0.0000000e+00	9.2000100e-05
1	0	3	0	0	0.0000000e+00	2.4981500e-05
1	0	4	0	0	0.0000000e+00	9.2555000e-05
1	0	5	0	0	0.0000000e+00	8.9619300e-05
1	0	6	0	0	0.0000000e+00	9.1197900e-05
1	0	7	0	0	0.0000000e+00	9.0033500e-05
1	0	8	0	0	0.0000000e+00	8.5493300e-05
1	0	9	0	0	0.0000000e+00	9.6009000e-05
1	0	10	0	0	0.0000000e+00	9.0781600e-05
1	0	11	0	0	0.0000000e+00	9.4464800e-05
1	0	12	0	0	0.0000000e+00	9.1493300e-05
1	0	13	0	0	0.0000000e+00	9.0719800e-05
1	0	14	0	0	0.0000000e+00	9.0586900e-05
1	0	15	0	0	0.0000000e+00	8.0638400e-05
1	0	16	0	0	0.0000000e+00	8.8843200e-05
1	0	17	0	0	0.0000000e+00	8.2287100e-05
1	0	18	0	0	0.0000000e+00	8.7187200e-05
1	0	19	0	0	0.0000000e+00	9.0778800e-05
1	0	20	0	0	0.0000000e+00	8.2553800e-05
1	0	21	0	0	0.0000000e+00	8.2115200e-05
1	0	22	0	0	0.0000000e+00	8.3777400e-05
1	0	23	0	0	0.0000000e+00	8.9611100e-05
1	0	24	0	0	0.0000000e+00	9.0141600e-05
1	0	25	0	0	0.0000000e+00	9.2989000e-05
1	0	26	0	0	0.0000000e+00	6.8391600e-05
1	0	27	0	0	0.0000000e+00	9.2828600e-05
1	0	28	0	0	0.0000000e+00	8.9697000e-05
1	0	29	0	0	0.0000000e+00	9.2044600e-05
1	0	30	0	0	0.0000000e+00	9.2995700e-05
1	0	31	0	0	0.0000000e+00	9.4989100e-05
1	0	32	0	0	0.0000000e+00	9.0133600e-05
1	0	33	0	0	0.0000000e+00	8.6743200e-05
1	0	34	0	0	0.0000000e+00	8.9532800e-05
1	0	35	0	0	0.0000000e+00	7.4451100e-05
1	0	36	0	0	0.0000000e+00	9.0729900e-05
1	0	37	0	0	0.0000000e+00	9.2448400e-05
1	0	38	0	0	0.0000000e+00	9.5259700e-05
1	0	39	0	0	0.0000000e+00	8.1557700e-05
1	0	40	0	0	0.0000000e+00	7.7352300e-05
1	0	41	0	0	0.0000000e+00	9.3237700e-05
1	0	42	0	0	0.0000000e+00	9.1856500e-05
1	0	43	0	0	0.0000000e+00	8.7387600e-05
1	0	44	0	0	0.0000000e+00	9.1069400e-05
1	0	45	0	0	0.0000000e+00	9.1546400e-05
1	0	46	0	0	0.0000000e+00	9.7765600e-05
1	0	47	0	0	0.0000000e+00	8.4930600e-05
1	0	48	0	0	0.0000000e+00	9.0878600e-05
1	0	49	0	0	0.0000000e+00	8.5867700e-05
1	0	50	0	0	0.0000000e+00	8.9119700e-05
1	0	51	0	0	0.0000000e+00	8.4651300e-05
1	0	52	0	0	0.0000000e+00	8.8463900e-05
1	0	53	0	0	0.0000000e+00	8.9471300e-05
1	0	54	0	0	0.0000000e+00	8.9898500e-05
1	0	55	0	0	0.0000000e+00	7.5894100e-05
1	0	56	0	0	0.0000000e+00	8.3665300e-05
1	0	57	0	0	0.0000000e+00	8.4552200e-05
1	0	58	0	0	0.0000000e+00	8.9031800e-05
1	0	59	0	0	0.0000000e+00	8.5680200e-05
1	0	60	0	0	0.0000000e+00	8.2308600e-05
1	0	61	0	0	0.0000000e+00	8.6830400e-05
1	0	62	0	0	0.0000000e+00	8.8383600e-05
1	0	0	0	1	0.0000000e+00	9.5264000e-05
1	0	1	0	1	0.0000000e+00	7.6531500e-05
1	0	2	0	1	0.0000000e+00	7.9103400e-05
1	0	3	0	1	0.0000000e+00	8.2966000e-05
1	0	4	0	1	0.0000000e+00	7.7708600e-05
1	0	5	0	1	0.0000000e+00	7.7993100e-05
1	0	6	0	1	0.0000000e+00	8.0820000e-05
1	0	7	0	1	0.0000000e+00	7.4642000e-05
1	0	8	0	1	0.0000000e+00	7.5373200e-05
1	0	9	0	1	0.0000000e+00	7.9756000e-05
1	0	10	0	1	0.0000000e+00	8.7988500e-05
1	0	11	0	1	0.0000000e+00	7.3195400e-05
1	0	12	0	1	0.0000000e+00	8.1411400e-05
1	0	13	0	1	0.0000000e+00	8.3007400e-05
1	0	14	0	1	0.0000000e+00	7.4239300e-05
1	0	15	0	1	0.0000000e+00	8.9071700e-05
1	0	16	0	1	0.0000000e+00	9.2403400e-05
1	0	17	0	1	0.0000000e+00	9.4630900e-05
1	0	18	0	1	0.0000000e+00	7.6948100e-05
1	0	19	0	1	0.0000000e+00	8.8150100e-05
1	0	20	0	1	0.0000000e+00	8.1176300e-05
1	0	21	0	1	0.0000000e+00	9.0468800e-05
1	0	22	0	1	0.0000000e+00	9.5803100e-05
1	0	23	0	1	0.0000000e+00	8.1761000e-05
1	0	24	0	1	0.0000000e+00	7.9668900e-05
1	0	25	0	1	0.0000000e+00	9.3145000e-05
1	0	26	0	1	0.0000000e+00	8.6483800e-05
1	0	27	0	1	0.0000000e+00	8.0632200e-05
1	0	28	0	1	0.0000000e+00	8.7542400e-05
1	0	29	0	1	0.0000000e+00	8.4484800e-05
1	0	30	0	1	0.0000000e+00	7.6503900e-05
1	0	31	0	1	0.0000000e+00	8.7410900e-05
1	0	32	0	1	0.0000000e+00	8.9002400e-05
1	0	33	0	1	0.0000000e+00	9.5073900e-05
1	0	34	0	1	0.0000000e+00	8.6174700e-05
1	0	35	0	1	0.0000000e+00	9.1543000e-05
1	0	36	0	1	0.0000000e+00	7.8397300e-05
1	0	37	0	1	0.0000000e+00	8.1640300e-05
1	0	38	0	1	0.0000000e+00	7.4524200e-05
1	0	39	0	1	0.0000000e+00	9.3583100e-05
1	0	40	0	1	0.0000000e+00	9.5821300e-05
1	0	41	0	1	0.0000000e+00	8.1902300e-05
1	0	42	0	1	0.0000000e+00	8.1119900e-05
1	0	43	0	1	0.0000000e+00	8.4214400e-05
1	0	44	0	1	0.0000000e+00	8.2022300e-05
1	0	45	0	1	0.0000000e+00	9.2093200e-05
1	0	46	0	1	0.0000000e+00	8.6931900e-05
1	0	47	0	1	0.0000000e+00	9.4687800e-05
1	0	48	0	1	0.0000000e+00	8.6395600e-05
1	0	49	0	1	0.0000000e+00	9.7350100e-05
1	0	50	0	1	0.0000000e+00	8.5590500e-05
1	0	51	0	1	0.0000000e+00	8.6983400e-05
1	0	52	0	1	0.0000000e+00	8.1483800e-05
1	0	53	0	1	0.0000000e+00	9.0386900e-05
1	0	54	0	1	0.0000000e+00	8.3073700e-05
1	0	55	0	1	0.0000000e+00	9.8295800e-05
1	0	56	0	1	0.0000000e+00	8.0434300e-05
1	0	57	0	1	0.0000000e+00	7.6275700e-05
1	0	58	0	1	0.0000000e+00	7.4846500e-05
1	0	59	0	1	0.0000000e+00	7.8668300e-05
1	0	60	0	1	0.0000000e+00	7.2745600e-05
1	0	61	0	1	0.0000000e+00	8.4619100e-05
1	0	62	0	1	0.0000000e+00	7.9236800e-05
2	0	0	1	0	1.1452748e+03	-9.765625e-04
2	0	1	1	0	1.1462149e+03	-9.765625e-04
2	0	2	1	0	1.1454369e+03	-9.765625e-04
2	0	3	1	0	1.1463341e+03	-9.765625e-04
2	0	4	1	0	1.1469648e+03	-9.765625e-04
2	0	0	1	1	1.1471448e+03	-9.765625e-04
2	0	1	1	1	1.1469749e+03	-9.765625e-04
2	0	2	1	1	1.1461869e+03	-9.765625e-04
2	0	3	1	1	1.1482141e+03	-9.765625e-04
2	0	4	1	1	1.1473448e+03	-9.765625e-04
2	0	0	1	2	0		1
2	0	1	1	2	0		1
2	0	2	1	2	0		1
2	0	3	1	2	0		1
2	0	4	1	2	0		1
2	0	0	0	0	1.6854740e+02	2.9831330e-02
2	0	1	0	0	1.5043278e+02	4.1026587e-02
2	0	2	0	0	1.4132168e+02	2.7800449e-02
2	0	3	0	0	1.5568431e+02	3.5308131e-02
2	0	4	0	0	1.3663672e+02	2.3259570e-02
2	0	0	0	1	1.9853554e+02	2.5406117e-02
2	0	1	0	1	1.7162519e+02	3.7702082e-02
2	0	2	0	1	1.7477741e+02	2.9613013e-02
2	0	3	0	1	1.5158394e+02	3.3475567e-02
2	0	4	0	1	1.8439273e+02	4.9316633e-02
4	0	0	1	0	1.1135274e+03	-9.765625e-04
4	0	0	1	1	1.1135274e+03	-9.765625e-04
4	0	0	0	0	1.3455566e+02	1.4793803e-02
4	0	0	0	1	1.4484381e+02	1.0429227e-02
4	0	0	1	2	0		1
5	0	0	1	0	2.4000000e+06	-9.765625e-04
5	0	1	1	0	2.4000000e+06	-9.765625e-04
5	0	2	1	0	2.4000000e+06	-9.765625e-04
5	0	0	1	1	2.4000000e+06	-9.765625e-04
5	0	1	1	1	2.4000000e+06	-9.765625e-04
5	0	2	1	1	2.4000000e+06	-9.765625e-04
5	0	0	0	0	1.0000000e+02	1.0000000e-02
5	0	1	0	0	1.0000000e+02	1.0000000e-02
5	0	2	0	0	1.0000000e+02	1.0000000e-02
5	0	0	0	1	1.0000000e+02	1.0000000e-02
5	0	1	0	1	1.0000000e+02	1.0000000e-02
5	0	2	0	1	1.0000000e+02	1.0000000e-02
6	0	0	1	0	1.1516939e+03	-9.765625e-04
6	0	1	1	0	1.1505109e+03	-9.765625e-04
6	0	2	1	0	1.1517815e+03	-9.765625e-04
6	0	3	1	0	1.1519986e+03	-9.765625e-04
6	0	4	1	0	1.1515077e+03	-9.765625e-04
6	0	0	1	1	1.1516939e+03	-9.765625e-04
6	0	1	1	1	1.1516409e+03	-9.765625e-04
6	0	2	1	1	1.1510315e+03	-9.765625e-04
6	0	3	1	1	1.1508686e+03	-9.765625e-04
6	0	4	1	1	1.1503777e+03	-9.765625e-04
6	0	0	0	0	1.4147819e+02	2.5585663e-03
6	0	1	0	0	1.5941157e+02	2.6910202e-03
6	0	2	0	0	1.5686004e+02	2.6473237e-03
6	0	3	0	0	1.5012841e+02	2.6670343e-03
6	0	4	0	0	1.7056421e+02	2.8190462e-03
6	0	0	0	1	1.6685622e+02	2.5826743e-03
6	0	1	0	1	1.5909794e+02	2.5546385e-03
6	0	2	0	1	1.8952484e+02	2.3969571e-03
6	0	3	0	1	1.5981575e+02	2.6580803e-03
6	0	4	0	1	1.8179661e+02	3.6934399e-03
14	0	0	1	0	1.1516939e+03	-9.765625e-04
14	0	1	1	0	1.1505109e+03	-9.765625e-04
14	0	2	1	0	1.1517815e+03	-9.765625e-04
14	0	3	1	0	1.1519986e+03	-9.765625e-04
14	0	4	1	0	1.1515077e+03	-9.765625e-04
14	0	5	1	0	1.1516939e+03	-9.765625e-04
14	0	6	1	0	1.1505109e+03	-9.765625e-04
14	0	7	1	0	1.1517815e+03	-9.765625e-04
14	0	8	1	0	1.1519986e+03	-9.765625e-04
14	0	9	1	0	1.1515077e+03	-9.765625e-04
14	0	0	1	1	1.1516939e+03	-9.765625e-04
14	0	1	1	1	1.1516409e+03	-9.765625e-04
14	0	2	1	1	1.1510315e+03	-9.765625e-04
14	0	3	1	1	1.1508686e+03	-9.765625e-04
14	0	4	1	1	1.1503777e+03	-9.765625e-04
14	0	5	1	1	1.1516939e+03	-9.765625e-04
14	0	6	1	1	1.1516409e+03	-9.765625e-04
14	0	7	1	1	1.1510315e+03	-9.765625e-04
14	0	8	1	1	1.1508686e+03	-9.765625e-04
14	0	9	1	1	1.1503777e+03	-9.765625e-04
14	0	0	0	0	1.4147819e+02	2.5585663e-03
14	0	1	0	0	1.5941157e+02	2.6910202e-03
14	0	2	0	0	1.5686004e+02	2.6473237e-03
14	0	3	0	0	1.5012841e+02	2.6670343e-03
14	0	4	0	0	1.7056421e+02	2.8190462e-03
14	0	5	0	0	1.4147819e+02	2.5585663e-03
14	0	6	0	0	1.5941157e+02	2.6910202e-03
14	0	7	0	0	1.5686004e+02	2.6473237e-03
14	0	8	0	0	1.5012841e+02	2.6670343e-03
14	0	9	0	0	1.7056421e+02	2.8190462e-03
14	0	0	0	1	1.6685622e+02	2.5826743e-03
14	0	1	0	1	1.5909794e+02	2.5546385e-03
14	0	2	0	1	1.8952484e+02	2.3969571e-03
14	0	3	0	1	1.5981575e+02	2.6580803e-03
14	0	4	0	1	1.8179661e+02	3.6934399e-03
14	0	5	0	1	1.6685622e+02	2.5826743e-03
14	0	6	0	1	1.5909794e+02	2.5546385e-03
14	0	7	0	1	1.8952484e+02	2.3969571e-03
14	0	8	0	1	1.5981575e+02	2.6580803e-03
14	0	9	0	1	1.8179661e+02	3.6934399e-03
29	0	0	1	0	1.1260951e+03	-9.765625e-04
29	0	1	1	0	1.1264033e+03	-9.765625e-04
29	0	2	1	0	1.1250364e+03	-9.765625e-04
29	0	3	1	0	1.1263489e+03	-9.765625e-04
29	0	4	1	0	1.1258471e+03	-9.765625e-04
29	0	5	1	0	1.1261934e+03	-9.765625e-04
29	0	6	1	0	1.1265176e+03	-9.765625e-04
29	0	7	1	0	1.1257841e+03	-9.765625e-04
29	0	8	1	0	1.1263021e+03	-9.765625e-04
29	0	9	1	0	1.1268120e+03	-9.765625e-04
29	0	10	1	0	1.1265051e+03	-9.765625e-04
29	0	11	1	0	1.1268843e+03	-9.765625e-04
29	0	12	1	0	1.1254204e+03	-9.765625e-04
29	0	13	1	0	1.1266765e+03	-9.765625e-04
29	0	14	1	0	1.1250526e+03	-9.765625e-04
29	0	15	1	0	1.1249840e+03	-9.765625e-04
29	0	16	1	0	1.1257428e+03	-9.765625e-04
29	0	17	1	0	1.1263799e+03	-9.765625e-04
29	0	18	1	0	1.1250398e+03	-9.765625e-04
29	0	19	1	0	1.1262817e+03	-9.765625e-04
29	0	20	1	0	1.1258041e+03	-9.765625e-04
29	0	21	1	0	1.1257534e+03	-9.765625e-04
29	0	22	1	0	1.1249550e+03	-9.765625e-04
29	0	23	1	0	1.1251210e+03	-9.765625e-04
29	0	24	1	0	1.1262235e+03	-9.765625e-04
29	0	25	1	0	1.1269891e+03	-9.765625e-04
29	0	26	1	0	1.1246155e+03	-9.765625e-04
29	0	27	1	0	1.1246086e+03	-9.765625e-04
29	0	28	1	0	1.1251069e+03	-9.765625e-04
29	0	29	1	0	1.1239503e+03	-9.765625e-04
29	0	30	1	0	1.1242300e+03	-9.765625e-04
29	0	31	1	0	1.1255904e+03	-9.765625e-04
29	0	32	1	0	1.1255331e+03	-9.765625e-04
29	0	33	1	0	1.1261292e+03	-9.765625e-04
29	0	34	1	0	1.1256456e+03	-9.765625e-04
29	0	35	1	0	1.1259411e+03	-9.765625e-04
29	0	36	1	0	1.1250893e+03	-9.765625e-04
29	0	37	1	0	1.1261153e+03	-9.765625e-04
29	0	38	1	0	1.1267243e+03	-9.765625e-04
29	0	39	1	0	1.1255763e+03	-9.765625e-04
29	0	0	0	0	1.4182021e+02	1.6489300e-02
29	0	1	0	0	1.8189310e+02	1.6531100e-02
29	0	2	0	0	1.2139587e+02	1.6685600e-02
29	0	3	0	0	1.6137675e+02	1.6726200e-02
29	0	4	0	0	1.4422073e+02	1.6197300e-02
29	0	5	0	0	1.6299567e+02	1.6512600e-02
29	0	6	0	0	1.5565983e+02	1.6085800e-02
29	0	7	0	0	1.5785925e+02	1.6571500e-02
29	0	8	0	0	1.6410944e+02	1.6521200e-02
29	0	9	0	0	1.6770263e+02	1.6215700e-02
29	0	10	0	0	1.8288110e+02	1.6446400e-02
29	0	11	0	0	1.6584233e+02	1.6818200e-02
29	0	12	0	0	1.5798020e+02	1.6475300e-02
29	0	13	0	0	1.5316461e+02	1.6796400e-02
29	0	14	0	0	1.9187741e+02	1.6356500e-02
29	0	15	0	0	1.8606579e+02	1.6529800e-02
29	0	16	0	0	1.4537941e+02	1.6844400e-02
29	0	17	0	0	1.3403618e+02	1.6552700e-02
29	0	18	0	0	1.4276013e+02	1.6840100e-02
29	0	19	0	0	1.1465025e+02	1.6764400e-02
29	0	20	0	0	1.4179194e+02	1.6906500e-02
29	0	21	0	0	1.3318418e+02	1.6826300e-02
29	0	22	0	0	1.2761984e+02	1.6831700e-02
29	0	23	0	0	1.3970114e+02	1.6566900e-02
29	0	24	0	0	1.4557566e+02	1.6765800e-02
29	0	25	0	0	1.3885728e+02	1.6918100e-02
29	0	26	0	0	1.4382979e+02	1.7011800e-02
29	0	27	0	0	1.5019764e+02	1.7160100e-02
29	0	28	0	0	1.3747409e+02	1.6858500e-02
29	0	29	0	0	1.3780593e+02	1.6615100e-02
29	0	30	0	0	1.4631089e+02	1.6892600e-02
29	0	31	0	0	1.6090892e+02	1.6851200e-02
29	0	32	0	0	1.2820325e+02	1.7044500e-02
29	0	33	0	0	1.2931956e+02	1.6682800e-02
29	0	34	0	0	1.1446932e+02	1.6882200e-02
29	0	35	0	0	1.3175656e+02	1.6954100e-02
29	0	36	0	0	1.4097202e+02	1.6870000e-02
29	0	37	0	0	1.2140085e+02	1.6510100e-02
29	0	38	0	0	1.2524563e+02	1.6811500e-02
29	0	39	0	0	1.4423502e+02	1.1831200e-02
30	0	0	1	0	1.1260951e+03	-9.765625e-04
30	0	1	1	0	1.1264033e+03	-9.765625e-04
30	0	2	1	0	1.1250364e+03	-9.765625e-04
30	0	3	1	0	1.1263489e+03	-9.765625e-04
30	0	4	1	0	1.1258471e+03	-9.765625e-04
30	0	5	1	0	1.1261934e+03	-9.765625e-04
30	0	6	1	0	1.1265176e+03	-9.765625e-04
30	0	7	1	0	1.1257841e+03	-9.765625e-04
30	0	8	1	0	1.1263021e+03	-9.765625e-04
30	0	9	1	0	1.1268120e+03	-9.765625e-04
30	0	10	1	0	1.1265051e+03	-9.765625e-04
30	0	11	1	0	1.1268843e+03	-9.765625e-04
30	0	12	1	0	1.1254204e+03	-9.765625e-04
30	0	13	1	0	1.1266765e+03	-9.765625e-04
30	0	14	1	0	1.1250526e+03	-9.765625e-04
30	0	15	1	0	1.1249840e+03	-9.765625e-04
30	0	16	1	0	1.1257428e+03	-9.765625e-04
30	0	17	1	0	1.1263799e+03	-9.765625e-04
30	0	18	1	0	1.1250398e+03	-9.765625e-04
30	0	19	1	0	1.1262817e+03	-9.765625e-04
30	0	20	1	0	1.1258041e+03	-9.765625e-04
30	0	21	1	0	1.1257534e+03	-9.765625e-04
30	0	22	1	0	1.1249550e+03	-9.765625e-04
30	0	23	1	0	1.1251210e+03	-9.765625e-04
30	0	24	1	0	1.1262235e+03	-9.765625e-04
30	0	25	1	0	1.1269891e+03	-9.765625e-04
30	0	26	1	0	1.1246155e+03	-9.765625e-04
30	0	27	1	0	1.1246086e+03	-9.765625e-04
30	0	28	1	0	1.1251069e+03	-9.765625e-04
30	0	29	1	0	1.1239503e+03	-9.765625e-04
30	0	30	1	0	1.1242300e+03	-9.765625e-04
30	0	31	1	0	1.1255904e+03	-9.765625e-04
30	0	32	1	0	1.1255331e+03	-9.765625e-04
30	0	33	1	0	1.1261292e+03	-9.765625e-04
30	0	34	1	0	1.1256456e+03	-9.765625e-04
30	0	35	1	0	1.1259411e+03	-9.765625e-04
30	0	0	0	0	1.7369581e+02	1.6489300e-02
30	0	1	0	0	1.4595371e+02	1.6531100e-02
30	0	2	0	0	1.5056288e+02	1.6685600e-02
30	0	3	0	0	1.5080512e+02	1.6726200e-02
30	0	4	0	0	1.7291166e+02	1.6197300e-02
30	0	5	0	0	1.5007076e+02	1.6512600e-02
30	0	6	0	0	1.4781535e+02	1.6085800e-02
30	0	7	0	0	1.6825771e+02	1.6571500e-02
30	0	8	0	0	1.7979893e+02	1.6521200e-02
30	0	9	0	0	1.3938351e+02	1.6215700e-02
30	0	10	0	0	1.2691377e+02	1.6446400e-02
30	0	11	0	0	1.3827764e+02	1.6818200e-02
30	0	12	0	0	1.4281123e+02	1.6475300e-02
30	0	13	0	0	1.6095515e+02	1.6796400e-02
30	0	14	0	0	1.6540689e+02	1.6356500e-02
30	0	15	0	0	1.6727086e+02	1.6529800e-02
30	0	16	0	0	1.4964277e+02	1.6844400e-02
30	0	17	0	0	1.3489770e+02	1.6552700e-02
30	0	18	0	0	1.5164858e+02	1.6840100e-02
30	0	19	0	0	1.4912344e+02	1.6764400e-02
30	0	20	0	0	1.2866910e+02	1.6906500e-02
30	0	21	0	0	1.5159302e+02	1.6826300e-02
30	0	22	0	0	1.4650098e+02	1.6831700e-02
30	0	23	0	0	1.5634696e+02	1.6566900e-02
30	0	24	0	0	1.3862012e+02	1.6765800e-02
30	0	25	0	0	1.3775768e+02	1.6918100e-02
30	0	26	0	0	1.6656065e+02	1.7011800e-02
30	0	27	0	0	1.4357643e+02	1.7160100e-02
30	0	28	0	0	1.5713475e+02	1.6858500e-02
30	0	29	0	0	1.3213953e+02	1.6615100e-02
30	0	30	0	0	1.5687091e+02	1.6892600e-02
30	0	31	0	0	1.7061639e+02	1.6851200e-02
30	0	32	0	0	1.4084888e+02	1.7044500e-02
30	0	33	0	0	1.6019194e+02	1.6682800e-02
30	0	34	0	0	1.5711909e+02	1.6882200e-02
30	0	35	0	0	1.4019184e+02	1.6954100e-02
31	0	0	1	0	1.1035179e+03	-9.765625e-04
31	0	1	1	0	1.1026804e+03	-9.765625e-04
31	0	2	1	0	1.1205921e+03	-9.765625e-04
31	0	3	1	0	1.1201746e+03	-9.765625e-04
31	0	0	1	1	1.1038979e+03	-9.765625e-04
31	0	1	1	1	1.1030604e+03	-9.765625e-04
31	0	2	1	1	1.1209721e+03	-9.765625e-04
31	0	3	1	1	1.1205546e+03	-9.765625e-04
31	0	0	0	0	1.5914115e+02	5.0362411e-03
31	0	1	0	0	1.5256647e+02	8.5572670e-03
31	0	2	0	0	1.2096903e+02	3.1264105e-02
31	0	3	0	0	1.3918041e+02	3.3846425e-02
31	0	0	0	1	1.5315950e+02	1.2504080e-02
31	0	1	0	1	1.4100417e+02	1.8239293e-02
31	0	2	0	1	1.2396189e+02	2.8629800e-02
31	0	3	0	1	1.3000150e+02	3.5752342e-02
32	0	0	1	0	1.1035179e+03	-9.765625e-04
32	0	1	1	0	1.1026804e+03	-9.765625e-04
32	0	2	1	0	1.1205921e+03	-9.765625e-04
32	0	3	1	0	1.1201746e+03	-9.765625e-04
32	0	4	1	0	1.1205921e+03	-9.765625e-04
32	0	5	1	0	1.1201746e+03	-9.765625e-04
32	0	0	1	1	1.1038979e+03	-9.765625e-04
32	0	1	1	1	1.1030604e+03	-9.765625e-04
32	0	2	1	1	1.1209721e+03	-9.765625e-04
32	0	3	1	1	1.1205546e+03	-9.765625e-04
32	0	4	1	1	1.1209721e+03	-9.765625e-04
32	0	5	1	1	1.1205546e+03	-9.765625e-04
32	0	0	0	0	1.5914115e+02	5.0362411e-03
32	0	1	0	0	1.5256647e+02	8.5572670e-03
32	0	2	0	0	1.2096903e+02	3.1264105e-02
32	0	3	0	0	1.3918041e+02	3.3846425e-02
32	0	4	0	0	1.2096903e+02	3.1264105e-02
32	0	5	0	0	1.3918041e+02	3.3846425e-02
32	0	0	0	1	1.5315950e+02	1.2504080e-02
32	0	1	0	1	1.4100417e+02	1.8239293e-02
32	0	2	0	1	1.2396189e+02	2.8629800e-02
32	0	3	0	1	1.3000150e+02	3.5752342e-02
32	0	4	0	1	1.2396189e+02	2.8629800e-02
32	0	5	0	1	1.3000150e+02	3.5752342e-02
33	0	0	1	0	1.1089781e+03	-9.765625e-04
33	0	1	1	0	1.1084875e+03	-9.765625e-04
33	0	0	1	1	1.1089781e+03	-9.765625e-04
33	0	1	1	1	1.1084875e+03	-9.765625e-04
33	0	0	0	0	1.4405114e+02	2.5136606e-02
33	0	1	0	0	1.4047746e+02	2.7119590e-02
33	0	0	0	1	1.4156548e+02	4.4306895e-02
33	0	1	0	1	1.1907953e+02	5.4229676e-02
99	0	0	1	0	7.3208300e+02	-8.3333300e-01
99	0	1	1	0	7.3208300e+02	-8.3333300e-01
99	0	2	1	0	7.7291600e+02	-8.3333300e-01
99	0	3	1	0	7.5791600e+02	-8.3333300e-01
99	0	4	1	0	7.6041600e+02	-8.3333300e-01
99	0	5	1	0	7.5791600e+02	-8.3333300e-01
99	0	6	1	0	7.5208300e+02	-8.3333300e-01
99	0	7	1	0	7.5208300e+02	-8.3333300e-01
99	0	8	1	0	7.5625000e+02	-8.3333300e-01
99	0	9	1	0	7.5291600e+02	-8.3333300e-01
99	0	10	1	0	7.5208300e+02	-8.3333300e-01
99	0	11	1	0	7.5291600e+02	-8.3333300e-01
99	0	12	1	0	7.4458300e+02	-8.3333300e-01
99	0	13	1	0	7.4375000e+02	-8.3333300e-01
99	0	14	1	0	7.5000000e+02	-8.3333300e-01
99	0	15	1	0	7.5000000e+02	-8.3333300e-01
99	0	16	1	0	7.5208300e+02	-8.3333300e-01
99	0	17	1	0	7.5208300e+02	-8.3333300e-01
99	0	18	1	0	7.5625000e+02	-8.3333300e-01
99	0	19	1	0	7.5291600e+02	-8.3333300e-01
99	0	20	1	0	7.5208300e+02	-8.3333300e-01
99	0	21	1	0	7.5291600e+02	-8.3333300e-01
99	0	22	1	0	7.4458300e+02	-8.3333300e-01
99	0	23	1	0	7.4375000e+02	-8.3333300e-01
99	0	24	1	0	7.5000000e+02	-8.3333300e-01
99	0	25	1	0	7.5000000e+02	-8.3333300e-01
99	0	26	1	0	7.5208300e+02	-8.3333300e-01
99	0	27	1	0	7.5208300e+02	-8.3333300e-01
99	0	28	1	0	7.5625000e+02	-8.3333300e-01
99	0	29	1	0	7.5291600e+02	-8.3333300e-01
99	0	30	1	0	7.5208300e+02	-8.3333300e-01
99	0	31	1	0	7.5291600e+02	-8.3333300e-01
